10673660
10673661
10673662
10673663
10673664
10673665
10673666
10673667
10673668
10673669
10673670
10673671
10673672
10673673
10673674
10673675
10673676
10673677
10673678
10673679
10673680
10673681
10673682
10673683
10673684
10673685
10673686
10673687
10673688
10673689
10673690
10673691
10673692
10673693
10673694
10673695
10673696
10673697
10673698
10673699
10673700
10673701
10673702
10673703
10673704
10673705
10673706
10673707
10673708
10673709
10673710
10673711
10673712
10673713
10673714
10673715
10673716
10673717
10673718
10673719
10673720
10673721
10673722
10673723
10673724
10673725
10673726
10673727
10673728
10673729
10673730
10673731
10673732
10673733
10673734
10673735
10673736
10673737
10673738
10673739
10673740
10673741
10673742
10673743
10673744
10673745
10673746
10673747
10673748
10673749
10673750
10673751
10673752
10673753
10673754
10673755
10673756
10673757
10673758
10673759
10673760
10673761
10673762
10673763
10673764
10673765
10673766
10673767
10673768
10673769
10673770
10673771
10673772
10673773
10673774
10673775
10673776
10673777
10673778
10673779
10673780
10673781
10673782
10673783
10673784
10673785
10673786
10673787
10673788
10673789
10673790
10673791
10673792
10673793
10673794
10673795
10673796
10673797
10673798
10673799
10673800
10673801
10673802
10673803
10673804
10673805
10673806
10673807
10673808
10673809
10673810
10673811
10673812
10673813
10673814
10673815
10673816
10673817
10673818
10673819
10673820
10673821
10673822
10673823
10673824
10673825
10673826
10673827
10673828
10673829
10673830
10673831
10673832
10673833
10673834
10673835
10673836
10673837
10673838
10673839
10673840
10673841
10673842
10673843
10673844
10673845
10673846
10673847
10673848
10673849
10673850
10673851
10673852
10673853
10673854
10673855
10673856
10673857
10673858
10673859
10673860
10673861
10673862
10673863
10673864
10673865
10673866
10673867
10673868
10673869
10673870
10673871
10673872
10673873
10673874
10673875
10673876
10673877
10673878
10673879
10673880
10673881
10673882
10673883
10673884
10673885
10673886
10673887
10673888
10673889
10673890
10673891
10673892
10673893
10673894
10673895
10673896
10673897
10673898
10673899
10673900
10673901
10673902
10673903
10673904
10673905
10673906
10673907
10673908
10673909
10673910
10673911
10673912
10673913
10673914
10673915
10673916
10673917
10673918
10673919
10673920
10673921
10673922
10673923
10673924
10673925
10673926
10673927
10673928
10673929
10673930
10673931
10673932
10673933
10673934
10673935
10673936
10673937
10673938
10673939
10673940
10673941
10673942
10673943
10673944
10673945
10673946
10673947
10673948
10673949
10673950
10673951
10673952
10673953
10673954
10673955
10673956
10673957
10673958
10673959
10673960
10673961
10673962
10673963
10673964
10673965
10673966
10673967
10673968
10673969
10673970
10673971
10673972
10673973
10673974
10673975
10673976
10673977
10673978
10673979
10673980
10673981
10673982
10673983
10673984
10673985
10673986
10673987
10673988
10673989
10673990
10673991
10673992
10673993
10673994
10673995
10673996
10673997
10673998
10673999
10674000
10674001
10674002
10674003
10674004
10674005
10674006
10674007
10674008
10674009
10674010
10674011
10674012
10674013
10674014
10674015
10674016
10674017
10674018
10674019
10674020
10674021
10674022
10674023
10674024
10674025
10674026
10674027
10674028
10674029
10674030
10674031
10674032
10674033
10674034
10674035
10674036
10674037
10674038
10674039
10674040
10674041
10674042
10674043
10674044
10674045
10674046
10674047
10674048
10674049
10674050
10674051
10674052
10674053
10674054
10674055
10674056
10674057
10674058
10674059
10674060
10674061
10674062
10674063
10674064
10674065
10674066
10674067
10674068
10674069
10674070
10674071
10674072
10674073
10674074
10674075
10674076
10674077
10674078
10674079
10674080
10674081
10674082
10674083
10674084
10674085
10674086
10674087
10674088
10674089
10674090
10674091
10674092
10674093
10674094
10674095
10674096
10674097
10674098
10674099
10674100
10674101
10674102
10674103
10674104
10674105
10674106
10674107
10674108
10674109
10674110
10674111
10674112
10674113
10674114
10674115
10674116
10674117
10674118
10674119
10674120
10674121
10674122
10674123
10674124
10674125
10674126
10674127
10674128
10674129
10674130
10674131
10674132
10674133
10674134
10674135
10674136
10674137
10674138
10674139
10674140
10674141
10674142
10674143
10674144
10674145
10674146
10674147
10674148
10674149
10674150
10674151
10674152
10674153
10674154
10674155
10674156
10674157
10674158
10674159
10674160
10674161
10674162
10674163
10674164
10674165
10674166
10674167
10674168
10674169
10674170
10674171
10674172
10674173
10674174
10674175
10674176
10674177
10674178
10674179
10674180
10674181
10674182
10674183
10674184
10674185
10674186
10674187
10674188
10674189
10674190
10674191
10674192
10674193
10674194
10674195
10674196
10674197
10674198
10674199
10674200
10674201
10674202
10674203
10674204
10674205
10674206
10674207
10674208
10674209
10674210
10674211
10674212
10674213
10674214
10674215
10674216
10674217
10674218
10674219
10674220
10674221
10674222
10674223
10674224
10674225
10674226
10674227
10674228
10674229
10674230
10674231
10674232
10674233
10674234
10674235
10674236
10674237
10674238
10674239
10674240
10674241
10674242
10674243
10674244
10674245
10674246
10674247
10674248
10674249
10674250
10674251
10674252
10674253
10674254
10674255
10674256
10674257
10674258
10674259
10674260
10674261
10674262
10674263
10674264
10674265
10674266
10674267
10674268
10674269
10674270
10674271
10674272
10674273
10674274
10674275
10674276
10674277
10674278
10674279
10674280
10674281
10674282
10674283
10674284
10674285
10674286
10674287
10674288
10674289
10674290
10674291
10674292
10674293
10674294
10674295
10674296
10674297
10674298
10674299
10674300
10674301
10674302
10674303
10674304
10674305
10674306
10674307
10674308
10674309
10674310
10674311
10674312
10674313
10674314
10674315
10674316
10674317
10674318
10674319
10674320
10674321
10674322
10674323
10674324
10674325
10674326
10674327
10674328
10674329
10674330
10674331
10674332
10674333
10674334
10674335
10674336
10674337
10674338
10674339
10674340
10674341
10674342
10674343
10674344
10674345
10674346
10674347
10674348
10674349
10674350
10674351
10674352
10674353
10674354
10674355
10674356
10674357
10674358
10674359
10674360
10674361
10674362
10674363
10674364
10674365
10674366
10674367
10674368
10674369
10674370
10674371
10674372
10674373
10674374
10674375
10674376
10674377
10674378
10674379
10674380
10674381
10674382
10674383
10674384
10674385
10674386
10674387
10674388
10674389
10674390
10674391
10674392
10674393
10674394
10674395
10674396
10674397
10674398
10674399
10674400
10674401
10674402
10674403
10674404
10674405
10674406
10674407
10674408
10674409
10674410
10674411
10674412
10674413
10674414
10674415
10674416
10674417
10674418
10674419
10674420
10674421
10674422
10674423
10674424
10674425
10674426
10674427
10674428
10674429
10674430
10674431
10674432
10674433
10674434
10674435
10674436
10674437
10674438
10674439
10674440
10674441
10674442
10674443
10674444
10674445
10674446
10674447
10674448
10674449
10674450
10674451
10674452
10674453
10674454
10674455
10674456
10674457
10674458
10674459
10674460
10674461
10674462
10674463
10674464
10674465
10674466
10674467
10674468
10674469
10674470
10674471
10674472
10674473
10674474
10674475
10674476
10674477
10674478
10674479
10674480
10674481
10674482
10674483
10674484
10674485
10674486
10674487
10674488
10674489
10674490
10674491
10674492
10674493
10674494
10674495
10674496
10674497
10674498
10674499
10674500
10674501
10674502
10674503
10674504
10674505
10674506
10674507
10674508
10674509
10674510
10674511
10674512
10674513
10674514
10674515
10674516
10674517
10674518
10674519
10674520
10674521
10674522
10674523
10674524
10674525
10674526
10674527
10674528
10674529
10674530
10674531
10674532
10674533
10674534
10674535
10674536
10674537
10674538
10674539
10674540
10674541
10674542
10674543
10674544
10674545
10674546
10674547
10674548
10674549
10674550
10674551
10674552
10674553
10674554
10674555
10674556
10674557
10674558
10674559
10674560
10674561
10674562
10674563
10674564
10674565
10674566
10674567
10674568
10674569
10674570
10674571
10674572
10674573
10674574
10674575
10674576
10674577
10674578
10674579
10674580
10674581
10674582
10674583
10674584
10674585
10674586
10674587
10674588
10674589
10674590
10674591
10674592
10674593
10674594
10674595
10674596
10674597
10674598
10674599
10674600
10674601
10674602
10674603
10674604
10674605
10674606
10674607
10674608
10674609
10674610
10674611
10674612
10674613
10674614
10674615
10674616
10674617
10674618
10674619
10674620
10674621
10674622
10674623
10674624
10674625
10674626
10674627
10674628
10674629
10674630
10674631
10674632
10674633
10674634
10674635
10674636
10674637
10674638
10674639
10674640
10674641
10674642
10674643
10674644
10674645
10674646
10674647
10674648
10674649
10674650
10674651
10674652
10674653
10674654
10674655
10674656
10674657
10674658
10674659
10674660
10674661
10674662
10674663
10674664
10674665
10674666
10674667
10674668
10674669
10674670
10674671
10674672
10674673
10674674
10674675
10674676
10674677
10674678
10674679
10674680
10674681
10674682
10674683
10674684
10674685
10674686
10674687
10674688
10674689
10674690
10674691
10674692
10674693
10674694
10674695
10674696
10674697
10674698
10674699
10674700
10674701
10674702
10674703
10674704
10674705
10674706
10674707
10674708
10674709
10674710
10674711
10674712
10674713
10674714
10674715
10674716
10674717
10674718
10674719
10674720
10674721
10674722
10674723
10674724
10674725
10674726
10674727
10674728
10674729
10674730
10674731
10674732
10674733
10674734
10674735
10674736
10674737
10674738
10674739
10674740
10674741
10674742
10674743
10674744
10674745
10674746
10674747
10674748
10674749
10674750
10674751
10674752
10674753
10674754
10674755
10674756
10674757
10674758
10674759
10674760
10674761
10674762
10674763
10674764
10674765
10674766
10674767
10674768
10674769
10674770
10674771
10674772
10674773
10674774
10674775
10674776
10674777
10674778
10674779
10674780
10674781
10674782
10674783
10674784
10674785
10674786
10674787
10674788
10674789
10674790
10674791
10674792
10674793
10674794
10674795
10674796
10674797
10674798
10674799
10674800
10674801
10674802
10674803
10674804
10674805
10674806
10674807
10674808
10674809
10674810
10674811
10674812
10674813
10674814
10674815
10674816
10674817
10674818
10674819
10674820
10674821
10674822
10674823
10674824
10674825
10674826
10674827
10674828
10674829
10674830
10674831
10674832
10674833
10674834
10674835
10674836
10674837
10674838
10674839
10674840
10674841
10674842
10674843
10674844
10674845
10674846
10674847
10674848
10674849
10674850
10674851
10674852
10674853
10674854
10674855
10674856
10674857
10674858
10674859
10674860
10674861
10674862
10674863
10674864
10674865
10674866
10674867
10674868
10674869
10674870
10674871
10674872
10674873
10674874
10674875
10674876
10674877
10674878
10674879
10674880
10674881
10674882
10674883
10674884
10674885
10674886
10674887
10674888
10674889
10674890
10674891
10674892
10674893
10674894
10674895
10674896
10674897
10674898
10674899
10674900
10674901
10674902
10674903
10674904
10674905
10674906
10674907
10674908
10674909
10674910
10674911
10674912
10674913
10674914
10674915
10674916
10674917
10674918
10674919
10674920
10674921
10674922
10674923
10674924
10674925
10674926
10674927
10674928
10674929
10674930
10674931
10674932
10674933
10674934
10674935
10674936
10674937
10674938
10674939
10674940
10674941
10674942
10674943
10674944
10674945
10674946
10674947
10674948
10674949
10674950
10674951
10674952
10674953
10674954
10674955
10674956
10674957
10674958
10674959
10674960
10674961
10674962
10674963
10674964
10674965
10674966
10674967
10674968
10674969
10674970
10674971
10674972
10674973
10674974
10674975
10674976
10674977
10674978
10674979
10674980
10674981
10674982
10674983
10674984
10674985
10674986
10674987
10674988
10674989
10674990
10674991
10674992
10674993
10674994
10674995
10674996
10674997
10674998
10674999
10675000
10675001
10675002
10675003
10675004
10675005
10675006
10675007
10675008
10675009
10675010
10675011
10675012
10675013
10675014
10675015
10675016
10675017
10675018
10675019
10675020
10675021
10675022
10675023
10675024
10675025
10675026
10675027
10675028
10675029
10675030
10675031
10675032
10675033
10675034
10675035
10675036
10675037
10675038
10675039
10675040
10675041
10675042
10675043
10675044
10675045
10675046
10675047
10675048
10675049
10675050
10675051
10675052
10675053
10675054
10675055
10675056
10675057
10675058
10675059
10675060
10675061
10675062
10675063
10675064
10675065
10675066
10675067
10675068
10675069
10675070
10675071
10675072
10675073
10675074
10675075
10675076
10675077
10675078
10675079
10675080
10675081
10675082
10675083
10675084
10675085
10675086
10675087
10675088
10675089
10675090
10675091
10675092
10675093
10675094
10675095
10675096
10675097
10675098
10675099
10675100
10675101
10675102
10675103
10675104
10675105
10675106
10675107
10675108
10675109
10675110
10675111
10675112
10675113
10675114
10675115
10675116
10675117
10675118
10675119
10675120
10675121
10675122
10675123
10675124
10675125
10675126
10675127
10675128
10675129
10675130
10675131
10675132
10675133
10675134
10675135
10675136
10675137
10675138
10675139
10675140
10675141
10675142
10675143
10675144
10675145
10675146
10675147
10675148
10675149
10675150
10675151
10675152
10675153
10675154
10675155
10675156
10675157
10675158
10675159
10675160
10675161
10675162
10675163
10675164
10675165
10675166
10675167
10675168
10675169
10675170
10675171
10675172
10675173
10675174
10675175
10675176
10675177
10675178
10675179
10675180
10675181
10675182
10675183
10675184
10675185
10675186
10675187
10675188
10675189
10675190
10675191
10675192
10675193
10675194
10675195
10675196
10675197
10675198
10675199
10675200
10675201
10675202
10675203
10675204
10675205
10675206
10675207
10675208
10675209
10675210
10675211
10675212
10675213
10675214
10675215
10675216
10675217
10675218
10675219
10675220
10675221
10675222
10675223
10675224
10675225
10675226
10675227
10675228
10675229
10675230
10675231
10675232
10675233
10675234
10675235
10675236
10675237
10675238
10675239
10675240
10675241
10675242
10675243
10675244
10675245
10675246
10675247
10675248
10675249
10675250
10675251
10675252
10675253
10675254
10675255
10675256
10675257
10675258
10675259
10675260
10675261
10675262
10675263
10675264
10675265
10675266
10675267
10675268
10675269
10675270
10675271
10675272
10675273
10675274
10675275
10675276
10675277
10675278
10675279
10675280
10675281
10675282
10675283
10675284
10675285
10675286
10675287
10675288
10675289
10675290
10675291
10675292
10675293
10675294
10675295
10675296
10675297
10675298
10675299
10675300
10675301
10675302
10675303
10675304
10675305
10675306
10675307
10675308
10675309
10675310
10675311
10675312
10675313
10675314
10675315
10675316
10675317
10675318
10675319
10675320
10675321
10675322
10675323
10675324
10675325
10675326
10675327
10675328
10675329
10675330
10675331
10675332
10675333
10675334
10675335
10675336
10675337
10675338
10675339
10675340
10675341
10675342
10675343
10675344
10675345
10675346
10675347
10675348
10675349
10675350
10675351
10675352
10675353
10675354
10675355
10675356
10675357
10675358
10675359
10675360
10675361
10675362
10675363
10675364
10675365
10675366
10675367
10675368
10675369
10675370
10675371
10675372
10675373
10675374
10675375
10675376
10675377
10675378
10675379
10675380
10675381
10675382
10675383
10675384
10675385
10675386
10675387
10675388
10675389
10675390
10675391
10675392
10675393
10675394
10675395
10675396
10675397
10675398
10675399
10675400
10675401
10675402
10675403
10675404
10675405
10675406
10675407
10675408
10675409
10675410
10675411
10675412
10675413
10675414
10675415
10675416
10675417
10675418
10675419
10675420
10675421
10675422
10675423
10675424
10675425
10675426
10675427
10675428
10675429
10675430
10675431
10675432
10675433
10675434
10675435
10675436
10675437
10675438
10675439
10675440
10675441
10675442
10675443
10675444
10675445
10675446
10675447
10675448
10675449
10675450
10675451
10675452
10675453
10675454
10675455
10675456
10675457
10675458
10675459
10675460
10675461
10675462
10675463
10675464
10675465
10675466
10675467
10675468
10675469
10675470
10675471
10675472
10675473
10675474
10675475
10675476
10675477
10675478
10675479
10675480
10675481
10675482
10675483
10675484
10675485
10675486
10675487
10675488
10675489
10675490
10675491
10675492
10675493
10675494
10675495
10675496
10675497
10675498
10675499
10675500
10675501
10675502
10675503
10675504
10675505
10675506
10675507
10675508
10675509
10675510
10675511
10675512
10675513
10675514
10675515
10675516
10675517
10675518
10675519
10675520
10675521
10675522
10675523
10675524
10675525
10675526
10675527
10675528
10675529
10675530
10675531
10675532
10675533
10675534
10675535
10675536
10675537
10675538
10675539
10675540
10675541
10675542
10675543
10675544
10675545
10675546
10675547
10675548
10675549
10675550
10675551
10675552
10675553
10675554
10675555
10675556
10675557
10675558
10675559
10675560
10675561
10675562
10675563
10675564
10675565
10675566
10675567
10675568
10675569
10675570
10675571
10675572
10675573
10675574
10675575
10675576
10675577
10675578
10675579
10675580
10675581
10675582
10675583
10675584
10675585
10675586
10675587
10675588
10675589
10675590
10675591
10675592
10675593
10675594
10675595
10675596
10675597
10675598
10675599
10675600
10675601
10675602
10675603
10675604
10675605
10675606
10675607
10675608
10675609
10675610
10675611
10675612
10675613
10675614
10675615
10675616
10675617
10675618
10675619
10675620
10675621
10675622
10675623
10675624
10675625
10675626
10675627
10675628
10675629
10675630
10675631
10675632
10675633
10675634
10675635
10675636
10675637
10675638
10675639
10675640
10675641
10675642
10675643
10675644
10675645
10675646
10675647
10675648
10675649
10675650
10675651
10675652
10675653
10675654
10675655
10675656
10675657
10675658
10675659
10675660
10675661
10675662
10675663
10675664
10675665
10675666
10675667
10675668
10675669
10675670
10675671
10675672
10675673
10675674
10675675
10675676
10675677
10675678
10675679
10675680
10675681
10675682
10675683
10675684
10675685
10675686
10675687
10675688
10675689
10675690
10675691
10675692
10675693
10675694
10675695
10675696
10675697
10675698
10675699
10675700
10675701
10675702
10675703
10675704
10675705
10675706
10675707
10675708
10675709
10675710
10675711
10675712
10675713
10675714
10675715
10675716
10675717
10675718
10675719
10675720
10675721
10675722
10675723
10675724
10675725
10675726
10675727
10675728
10675729
10675730
10675731
10675732
10675733
10675734
10675735
10675736
10675737
10675738
10675739
10675740
10675741
10675742
10675743
10675744
10675745
10675746
10675747
10675748
10675749
10675750
10675751
10675752
10675753
10675754
10675755
10675756
10675757
10675758
10675759
10675760
10675761
10675762
10675763
10675764
10675765
10675766
10675767
10675768
10675769
10675770
10675771
10675772
10675773
10675774
10675775
10675776
10675777
10675778
10675779
10675780
10675781
10675782
10675783
10675784
10675785
10675786
10675787
10675788
10675789
10675790
10675791
10675792
10675793
10675794
10675795
10675796
10675797
10675798
10675799
10675800
10675801
10675802
10675803
10675804
10675805
10675806
10675807
10675808
10675809
10675810
10675811
10675812
10675813
10675814
10675815
10675816
10675817
10675818
10675819
10675820
10675821
10675822
10675823
10675824
10675825
10675826
10675827
10675828
10675829
10675830
10675831
10675832
10675833
10675834
10675835
10675836
10675837
10675838
10675839
10675840
10675841
10675842
10675843
10675844
10675845
10675846
10675847
10675848
10675849
10675850
10675851
10675852
10675853
10675854
10675855
10675856
10675857
10675858
10675859
10675860
10675861
10675862
10675863
10675864
10675865
10675866
10675867
10675868
10675869
10675870
10675871
10675872
10675873
10675874
10675875
10675876
10675877
10675878
10675879
10675880
10675881
10675882
10675883
10675884
10675885
10675886
10675887
10675888
10675889
10675890
10675891
10675892
10675893
10675894
10675895
10675896
10675897
10675898
10675899
10675900
10675901
10675902
10675903
10675904
10675905
10675906
10675907
10675908
10675909
10675910
10675911
10675912
10675913
10675914
10675915
10675916
10675917
10675918
10675919
10675920
10675921
10675922
10675923
10675924
10675925
10675926
10675927
10675928
10675929
10675930
10675931
10675932
10675933
10675934
10675935
10675936
10675937
10675938
10675939
10675940
10675941
10675942
10675943
10675944
10675945
10675946
10675947
10675948
10675949
10675950
10675951
10675952
10675953
10675954
10675955
10675956
10675957
10675958
10675959
10675960
10675961
10675962
10675963
10675964
10675965
10675966
10675967
10675968
10675969
10675970
10675971
10675972
10675973
10675974
10675975
10675976
10675977
10675978
10675979
10675980
10675981
10675982
10675983
10675984
10675985
10675986
10675987
10675988
10675989
10675990
10675991
10675992
10675993
10675994
10675995
10675996
10675997
10675998
10675999
10676000
10676001
10676002
10676003
10676004
10676005
10676006
10676007
10676008
10676009
10676010
10676011
10676012
10676013
10676014
10676015
10676016
10676017
10676018
10676019
10676020
10676021
10676022
10676023
10676024
10676025
10676026
10676027
10676028
10676029
10676030
10676031
10676032
10676033
10676034
10676035
10676036
10676037
10676038
10676039
10676040
10676041
10676042
10676043
10676044
10676045
10676046
10676047
10676048
10676049
10676050
10676051
10676052
10676053
10676054
10676055
10676056
10676057
10676058
10676059
10676060
10676061
10676062
10676063
10676064
10676065
10676066
10676067
10676068
10676069
10676070
10676071
10676072
10676073
10676074
10676075
10676076
10676077
10676078
10676079
10676080
10676081
10676082
10676083
10676084
10676085
10676086
10676087
10676088
10676089
10676090
10676091
10676092
10676093
10676094
10676095
10676096
10676097
10676098
10676099
10676100
10676101
10676102
10676103
10676104
10676105
10676106
10676107
10676108
10676109
10676110
10676111
10676112
10676113
10676114
10676115
10676116
10676117
10676118
10676119
10676120
10676121
10676122
10676123
10676124
10676125
10676126
10676127
10676128
10676129
10676130
10676131
10676132
10676133
10676134
10676135
10676136
10676137
10676138
10676139
10676140
10676141
10676142
10676143
10676144
10676145
10676146
10676147
10676148
10676149
10676150
10676151
10676152
10676153
10676154
10676155
10676156
10676157
10676158
10676159
10676160
10676161
10676162
10676163
10676164
10676165
10676166
10676167
10676168
10676169
10676170
10676171
10676172
10676173
10676174
10676175
10676176
10676177
10676178
10676179
10676180
10676181
10676182
10676183
10676184
10676185
10676186
10676187
10676188
10676189
10676190
10676191
10676192
10676193
10676194
10676195
10676196
10676197
10676198
10676199
10676200
10676201
10676202
10676203
10676204
10676205
10676206
10676207
10676208
10676209
10676210
10676211
10676212
10676213
10676214
10676215
10676216
10676217
10676218
10676219
10676220
10676221
10676222
10676223
10676224
10676225
10676226
10676227
10676228
10676229
10676230
10676231
10676232
10676233
10676234
10676235
10676236
10676237
10676238
10676239
10676240
10676241
10676242
10676243
10676244
10676245
10676246
10676247
10676248
10676249
10676250
10676251
10676252
10676253
10676254
10676255
10676256
10676257
10676258
10676259
10676260
10676261
10676262
10676263
10676264
10676265
10676266
10676267
10676268
10676269
10676270
10676271
10676272
10676273
10676274
10676275
10676276
10676277
10676278
10676279
10676280
10676281
10676282
10676283
10676284
10676285
10676286
10676287
10676288
10676289
10676290
10676291
10676292
10676293
10676294
10676295
10676296
10676297
10676298
10676299
10676300
10676301
10676302
10676303
10676304
10676305
10676306
10676307
10676308
10676309
10676310
10676311
10676312
10676313
10676314
10676315
10676316
10676317
10676318
10676319
10676320
10676321
10676322
10676323
10676324
10676325
10676326
10676327
10676328
10676329
10676330
10676331
10676332
10676333
10676334
10676335
10676336
10676337
10676338
10676339
10676340
10676341
10676342
10676343
10676344
10676345
10676346
10676347
10676348
10676349
10676350
10676351
10676352
10676353
10676354
10676355
10676356
10676357
10676358
10676359
10676360
10676361
10676362
10676363
10676364
10676365
10676366
10676367
10676368
10676369
10676370
10676371
10676372
10676373
10676374
10676375
10676376
10676377
10676378
10676379
10676380
10676381
10676382
10676383
10676384
10676385
10676386
10676387
10676388
10676389
10676390
10676391
10676392
10676393
10676394
10676395
10676396
10676397
10676398
10676399
10676400
10676401
10676402
10676403
10676404
10676405
10676406
10676407
10676408
10676409
10676410
10676411
10676412
10676413
10676414
10676415
10676416
10676417
10676418
10676419
10676420
10676421
10676422
10676423
10676424
10676425
10676426
10676427
10676428
10676429
10676430
10676431
10676432
10676433
10676434
10676435
10676436
10676437
10676438
10676439
10676440
10676441
10676442
10676443
10676444
10676445
10676446
10676447
10676448
10676449
10676450
10676451
10676452
10676453
10676454
10676455
10676456
10676457
10676458
10676459
10676460
10676461
10676462
10676463
10676464
10676465
10676466
10676467
10676468
10676469
10676470
10676471
10676472
10676473
10676474
10676475
10676476
10676477
10676478
10676479
10676480
10676481
10676482
10676483
10676484
10676485
10676486
10676487
10676488
10676489
10676490
10676491
10676492
10676493
10676494
10676495
10676496
10676497
10676498
10676499
10676500
10676501
10676502
10676503
10676504
10676505
10676506
10676507
10676508
10676509
10676510
10676511
10676512
10676513
10676514
10676515
10676516
10676517
10676518
10676519
10676520
10676521
10676522
10676523
10676524
10676525
10676526
10676527
10676528
10676529
10676530
10676531
10676532
10676533
10676534
10676535
10676536
10676537
10676538
10676539
10676540
10676541
10676542
10676543
10676544
10676545
10676546
10676547
10676548
10676549
10676550
10676551
10676552
10676553
10676554
10676555
10676556
10676557
10676558
10676559
10676560
10676561
10676562
10676563
10676564
10676565
10676566
10676567
10676568
10676569
10676570
10676571
10676572
10676573
10676574
10676575
10676576
10676577
10676578
10676579
10676580
10676581
10676582
10676583
10676584
10676585
10676586
10676587
10676588
10676589
10676590
10676591
10676592
10676593
10676594
10676595
10676596
10676597
10676598
10676599
10676600
10676601
10676602
10676603
10676604
10676605
10676606
10676607
10676608
10676609
10676610
10676611
10676612
10676613
10676614
10676615
10676616
10676617
10676618
10676619
10676620
10676621
10676622
10676623
10676624
10676625
10676626
10676627
10676628
10676629
10676630
10676631
10676632
10676633
10676634
10676635
10676636
10676637
10676638
10676639
10676640
10676641
10676642
10676643
10676644
10676645
10676646
10676647
10676648
10676649
10676650
10676651
10676652
10676653
10676654
10676655
10676656
10676657
10676658
10676659
10676660
10676661
10676662
10676663
10676664
10676665
10676666
10676667
10676668
10676669
10676670
10676671
10676672
10676673
10676674
10676675
10676676
10676677
10676678
10676679
10676680
10676681
10676682
10676683
10676684
10676685
10676686
10676687
10676688
10676689
10676690
10676691
10676692
10676693
10676694
10676695
10676696
10676697
10676698
10676699
10676700
10676701
10676702
10676703
10676704
10676705
10676706
10676707
10676708
10676709
10676710
10676711
10676712
10676713
10676714
10676715
10676716
10676717
10676718
10676719
10676720
10676721
10676722
10676723
10676724
10676725
10676726
10676727
10676728
10676729
10676730
10676731
10676732
10676733
10676734
10676735
10676736
10676737
10676738
10676739
10676740
10676741
10676742
10676743
10676744
10676745
10676746
10676747
10676748
10676749
10676750
10676751
10676752
10676753
10676754
10676755
10676756
10676757
10676758
10676759
10676760
10676761
10676762
10676763
10676764
10676765
10676766
10676767
10676768
10676769
10676770
10676771
10676772
10676773
10676774
10676775
10676776
10676777
10676778
10676779
10676780
10676781
10676782
10676783
10676784
10676785
10676786
10676787
10676788
10676789
10676790
10676791
10676792
10676793
10676794
10676795
10676796
10676797
10676798
10676799
10676800
10676801
10676802
10676803
10676804
10676805
10676806
10676807
10676808
10676809
10676810
10676811
10676812
10676813
10676814
10676815
10676816
10676817
10676818
10676819
10676820
10676821
10676822
10676823
10676824
10676825
10676826
10676827
10676828
10676829
10676830
10676831
10676832
10676833
10676834
10676835
10676836
10676837
10676838
10676839
10676840
10676841
10676842
10676843
10676844
10676845
10676846
10676847
10676848
10676849
10676850
10676851
10676852
10676853
10676854
10676855
10676856
10676857
10676858
10676859
10676860
10676861
10676862
10676863
10676864
10676865
10676866
10676867
10676868
10676869
10676870
10676871
10676872
10676873
10676874
10676875
10676876
10676877
10676878
10676879
10676880
10676881
10676882
10676883
10676884
10676885
10676886
10676887
10676888
10676889
10676890
10676891
10676892
10676893
10676894
10676895
10676896
10676897
10676898
10676899
10676900
10676901
10676902
10676903
10676904
10676905
10676906
10676907
10676908
10676909
10676910
10676911
10676912
10676913
10676914
10676915
10676916
10676917
10676918
10676919
10676920
10676921
10676922
10676923
10676924
10676925
10676926
10676927
10676928
10676929
10676930
10676931
10676932
10676933
10676934
10676935
10676936
10676937
10676938
10676939
10676940
10676941
10676942
10676943
10676944
10676945
10676946
10676947
10676948
10676949
10676950
10676951
10676952
10676953
10676954
10676955
10676956
10676957
10676958
10676959
10676960
10676961
10676962
10676963
10676964
10676965
10676966
10676967
10676968
10676969
10676970
10676971
10676972
10676973
10676974
10676975
10676976
10676977
10676978
10676979
10676980
10676981
10676982
10676983
10676984
10676985
10676986
10676987
10676988
10676989
10676990
10676991
10676992
10676993
10676994
10676995
10676996
10676997
10676998
10676999
10677000
10677001
10677002
10677003
10677004
10677005
10677006
10677007
10677008
10677009
10677010
10677011
10677012
10677013
10677014
10677015
10677016
10677017
10677018
10677019
10677020
10677021
10677022
10677023
10677024
10677025
10677026
10677027
10677028
10677029
10677030
10677031
10677032
10677033
10677034
10677035
10677036
10677037
10677038
10677039
10677040
10677041
10677042
10677043
10677044
10677045
10677046
10677047
10677048
10677049
10677050
10677051
10677052
10677053
10677054
10677055
10677056
10677057
10677058
10677059
10677060
10677061
10677062
10677063
10677064
10677065
10677066
10677067
10677068
10677069
10677070
10677071
10677072
10677073
10677074
10677075
10677076
10677077
10677078
10677079
10677080
10677081
10677082
10677083
10677084
10677085
10677086
10677087
10677088
10677089
10677090
10677091
10677092
10677093
10677094
10677095
10677096
10677097
10677098
10677099
10677100
10677101
10677102
10677103
10677104
10677105
10677106
10677107
10677108
10677109
10677110
10677111
10677112
10677113
10677114
10677115
10677116
10677117
10677118
10677119
10677120
10677121
10677122
10677123
10677124
10677125
10677126
10677127
10677128
10677129
10677130
10677131
10677132
10677133
10677134
10677135
10677136
10677137
10677138
10677139
10677140
10677141
10677142
10677143
10677144
10677145
10677146
10677147
10677148
10677149
10677150
10677151
10677152
10677153
10677154
10677155
10677156
10677157
10677158
10677159
10677160
10677161
10677162
10677163
10677164
10677165
10677166
10677167
10677168
10677169
10677170
10677171
10677172
10677173
10677174
10677175
10677176
10677177
10677178
10677179
10677180
10677181
10677182
10677183
10677184
10677185
10677186
10677187
10677188
10677189
10677190
10677191
10677192
10677193
10677194
10677195
10677196
10677197
10677198
10677199
10677200
10677201
10677202
10677203
10677204
10677205
10677206
10677207
10677208
10677209
10677210
10677211
10677212
10677213
10677214
10677215
10677216
10677217
10677218
10677219
10677220
10677221
10677222
10677223
10677224
10677225
10677226
10677227
10677228
10677229
10677230
10677231
10677232
10677233
10677234
10677235
10677236
10677237
10677238
10677239
10677240
10677241
10677242
10677243
10677244
10677245
10677246
10677247
10677248
10677249
10677250
10677251
10677252
10677253
10677254
10677255
10677256
10677257
10677258
10677259
10677260
10677261
10677262
10677263
10677264
10677265
10677266
10677267
10677268
10677269
10677270
10677271
10677272
10677273
10677274
10677275
10677276
10677277
10677278
10677279
10677280
10677281
10677282
10677283
10677284
10677285
10677286
10677287
10677288
10677289
10677290
10677291
10677292
10677293
10677294
10677295
10677296
10677297
10677298
10677299
10677300
10677301
10677302
10677303
10677304
10677305
10677306
10677307
10677308
10677309
10677310
10677311
10677312
10677313
10677314
10677315
10677316
10677317
10677318
10677319
10677320
10677321
10677322
10677323
10677324
10677325
10677326
10677327
10677328
10677329
10677330
10677331
10677332
10677333
10677334
10677335
10677336
10677337
10677338
10677339
10677340
10677341
10677342
10677343
10677344
10677345
10677346
10677347
10677348
10677349
10677350
10677351
10677352
10677353
10677354
10677355
10677356
10677357
10677358
10677359
10677360
10677361
10677362
10677363
10677364
10677365
10677366
10677367
10677368
10677369
10677370
10677371
10677372
10677373
10677374
10677375
10677376
10677377
10677378
10677379
10677380
10677381
10677382
10677383
10677384
10677385
10677386
10677387
10677388
10677389
10677390
10677391
10677392
10677393
10677394
10677395
10677396
10677397
10677398
10677399
10677400
10677401
10677402
10677403
10677404
10677405
10677406
10677407
10677408
10677409
10677410
10677411
10677412
10677413
10677414
10677415
10677416
10677417
10677418
10677419
10677420
10677421
10677422
10677423
10677424
10677425
10677426
10677427
10677428
10677429
10677430
10677431
10677432
10677433
10677434
10677435
10677436
10677437
10677438
10677439
10677440
10677441
10677442
10677443
10677444
10677445
10677446
10677447
10677448
10677449
10677450
10677451
10677452
10677453
10677454
10677455
10677456
10677457
10677458
10677459
10677460
10677461
10677462
10677463
10677464
10677465
10677466
10677467
10677468
10677469
10677470
10677471
10677472
10677473
10677474
10677475
10677476
10677477
10677478
10677479
10677480
10677481
10677482
10677483
10677484
10677485
10677486
10677487
10677488
10677489
10677490
10677491
10677492
10677493
10677494
10677495
10677496
10677497
10677498
10677499
10677500
10677501
10677502
10677503
10677504
10677505
10677506
10677507
10677508
10677509
10677510
10677511
10677512
10677513
10677514
10677515
10677516
10677517
10677518
10677519
10677520
10677521
10677522
10677523
10677524
10677525
10677526
10677527
10677528
10677529
10677530
10677531
10677532
10677533
10677534
10677535
10677536
10677537
10677538
10677539
10677540
10677541
10677542
10677543
10677544
10677545
10677546
10677547
10677548
10677549
10677550
10677551
10677552
10677553
10677554
10677555
10677556
10677557
10677558
10677559
10677560
10677561
10677562
10677563
10677564
10677565
10677566
10677567
10677568
10677569
10677570
10677571
10677572
10677573
10677574
10677575
10677576
10677577
10677578
10677579
10677580
10677581
10677582
10677583
10677584
10677585
10677586
10677587
10677588
10677589
10677590
10677591
10677592
10677593
10677594
10677595
10677596
10677597
10677598
10677599
10677600
10677601
10677602
10677603
10677604
10677605
10677606
10677607
10677608
10677609
10677610
10677611
10677612
10677613
10677614
10677615
10677616
10677617
10677618
10677619
10677620
10677621
10677622
10677623
10677624
10677625
10677626
10677627
10677628
10677629
10677630
10677631
10677632
10677633
10677634
10677635
10677636
10677637
10677638
10677639
10677640
10677641
10677642
10677643
10677644
10677645
10677646
10677647
10677648
10677649
10677650
10677651
10677652
10677653
10677654
10677655
10677656
10677657
10677658
10677659
