10062451
10062474
10062479
10062493
10062500
10062512
10062514
10062517
10062518
10062519
10062541
10062552
10062575
10062603
10062606
10062608
10062617
10062622
10062629
10062630
10062635
10062643
10062644
10062660
10062675
10062685
10062703
10062724
10062732
10062743
10062746
10062762
10062769
10062777
10062792
10062799
10062801
10062837
10062840
10062844
10062863
10062866
10062868
10062874
10062892
10062897
10062904
10062905
10062918
10062933
10062935
10062938
10062939
10062947
10062953
10062954
10062955
10062956
10062965
10062973
10062983
10062989
10062990
10062997
10063005
10063010
10063015
10063032
10063035
10063045
10063050
10063059
10063076
10063107
10063119
10063120
10063135
10063137
10063159
10063177
10063183
10063185
10063187
10063201
10063206
10063211
10063225
10063232
10063269
10063348
10063423
10063451
10063460
10063463
10063471
10063550
10063589
10063594
10063602
10063608
10063620
10063626
10063636
10063645
10063723
10063748
10063790
10063828
10063950
10063960
10063992
10063999
10064027
10064051
10064053
10064055
10064074
10064079
10064088
10064093
10064099
10064105
10064115
10064116
10064124
10064125
10064149
10064158
10064176
10064178
10064202
10064235
10064242
10064246
10064247
10064253
10064258
10064259
10064260
10064280
10064282
10064284
10064318
10064319
10064354
10064360
10064361
10064362
10064368
10064372
10064380
10064393
10064400
10064410
10064448
10064451
10064460
10064461
10064464
10064470
10064472
10064479
10064489
10064495
10064514
10064522
10064531
10064534
10064546
10064547
10064551
10064552
10064556
10064561
10064565
10064602
10064606
10064621
10064632
10064636
10064649
10064656
10064664
10064665
10064667
10064680
10064685
10064686
10064689
10064690
10064698
10064707
10064708
10064719
10064721
10064723
10064726
10064741
10064743
10064747
10064765
10064775
10064790
10064793
10064810
10064821
10064823
10064843
10064844
10064848
10064855
10064862
10064864
10064871
10064877
10064890
10064904
10064917
10064919
10064950
10064953
10064991
10064996
10065002
10065018
10065019
10065033
10065042
10065115
10065126
10065128
10065241
10065254
10065286
10065287
10065298
10065318
10065343
10065354
10065366
10065424
10065474
10065496
10065515
10065518
10065545
10065629
10065630
10065638
10065640
10065690
10065713
10065723
10065744
10065775
10065781
10065802
10065820
10065833
10065840
10065844
10065852
10065855
10065886
10065916
10065917
10065925
10065969
10065974
10065976
10065985
10065989
10065992
10065993
10065995
10065996
10065998
10066002
10066004
10066012
10066025
10066027
10066030
10066036
10066042
10066046
10066058
10066061
10066062
10066063
10066077
10066096
10066100
10066102
10066107
10066133
10066146
10066148
10066193
10066194
10066208
10066209
10066224
10066225
10066238
10066262
10066270
10066279
10066295
10066308
10066311
10066316
10066322
10066325
10066327
10066332
10066357
10066358
10066376
10066392
10066398
10066402
10066416
10066418
10066424
10066437
10066442
10066444
10066451
10066465
10066473
10066475
10066485
10066495
10066508
10066518
10066551
10066563
10066579
10066581
10066598
10066603
10066608
10066630
10066639
10066669
10066672
10066685
10066691
10066702
10066703
10066704
10066706
10066758
10066763
10066783
10066788
10066793
10066826
10066842
10066879
10066888
10066905
10066914
10066918
10066920
10066926
10066946
10066958
10066966
10066976
10067038
10067078
10067087
10067092
10067096
10067104
10067119
10067128
10067198
10067222
10067242
10067259
10067273
10067291
10067319
10067341
10067353
10067362
10067376
10067379
10067432
10067448
10067462
10067472
10067504
10067507
10067516
10067519
10067520
10067551
10067558
10067572
10067638
10067662
10067708
10067714
10067761
10067773
10067826
10067835
10067857
10067882
10067887
10067897
10067903
10067911
10067913
10067928
10067936
10067942
10067960
10067986
10068001
10068003
10068029
10068031
10068047
10068063
10068078
10068094
10068095
10068096
10068103
10068106
10068127
10068130
10068133
10068142
10068144
10068148
10068152
10068165
10068170
10068180
10068192
10068200
10068204
10068211
10068227
10068237
10068238
10068243
10068256
10068273
10068286
10068288
10068290
10068300
10068311
10068315
10068320
10068325
10068327
10068334
10068355
10068368
10068370
10068373
10068382
10068393
10068403
10068414
10068420
10068422
10068423
10068424
10068430
10068440
10068442
10068463
10068473
10068486
10068488
10068489
10068511
10068524
10068538
10068548
10068552
10068554
10068562
10068567
10068575
10068593
10068594
10068595
10068600
10068603
10068610
10068615
10068637
10068649
10068659
10068664
10068667
10068680
10068686
10068690
10068695
10068713
10068715
10068734
10068756
10068792
10068799
10068805
10068820
10068829
10068842
10068845
10068876
10068895
10068904
10068929
10068935
10068979
10069000
10069002
10069068
10069081
10069110
10069175
10069193
10069227
10069254
10069268
10069336
10069338
10069428
10069461
10069478
10069481
10069482
10069487
10069488
10069515
10069527
10069557
10069596
10069612
10069632
10069647
10069653
10069666
10069704
10069729
10069758
10069764
10069776
10069788
10069793
10069814
10069816
10069832
10069839
10069841
10069864
10069866
10069888
10069898
10069905
10069919
10069925
10069936
10069943
10069945
10069948
10069952
10069953
10069959
10069977
10069990
10069993
10070001
10070008
10070022
10070024
10070027
10070038
10070040
10070042
10070062
10070071
10070075
10070091
10070093
10070098
10070103
10070106
10070108
10070109
10070110
10070119
10070122
10070123
10070124
10070135
10070137
10070146
10070149
10070151
10070156
10070159
10070160
10070161
10070169
10070172
10070174
10070179
10070183
10070184
10070185
10070193
10070202
10070203
10070204
10070207
10070216
10070222
10070229
10070236
10070244
10070246
10070247
10070252
10070255
10070263
10070265
10070266
10070277
10070279
10070299
10070300
10070320
10070332
10070343
10070346
10070360
10070388
10070396
10070398
10070404
10070407
10070413
10070418
10070421
10070423
10070427
10070430
10070432
10070433
10070435
10070443
10070461
10070463
10070464
10070485
10070489
10070494
10070499
10070501
10070503
10070512
10070522
10070525
10070529
10070536
10070550
10070558
10070559
10070562
10070567
10070574
10070575
10070598
10070605
10070619
10070651
10070657
10070662
10070688
10070697
10070700
10070716
10070720
10070744
10070816
10070847
10070861
10070870
10070880
10070941
10070976
10070978
10071003
10071016
10071072
10071095
10071133
10071160
10071180
10071190
10071197
10071220
10071271
10071292
10071296
10071302
10071360
10071361
10071371
10071408
10071472
10071479
10071493
10071506
10071517
10071524
10071532
10071563
10071575
10071596
10071599
10071636
10071643
10071657
10071671
10071676
10071700
10071702
10071710
10071714
10071727
10071734
10071738
10071748
10071755
10071777
10071791
10071796
10071797
10071806
10071808
10071821
10071822
10071832
10071840
10071844
10071861
10071862
10071864
10071873
10071877
10071883
10071888
10071895
10071905
10071921
10071932
10071939
10071952
10071954
10071966
10072000
10072011
10072016
10072029
10072031
10072034
10072041
10072049
10072051
10072052
10072057
10072066
10072076
10072085
10072090
10072094
10072097
10072100
10072101
10072107
10072108
10072121
10072127
10072138
10072148
10072164
10072165
10072166
10072168
10072173
10072174
10072178
10072188
10072191
10072192
10072193
10072217
10072218
10072220
10072230
10072243
10072248
10072269
10072280
10072281
10072282
10072283
10072288
10072296
10072307
10072314
10072315
10072320
10072340
10072348
10072350
10072372
10072384
10072393
10072405
10072424
10072433
10072442
10072445
10072477
10072510
10072512
10072515
10072548
10072551
10072552
10072585
10072586
10072596
10072608
10072615
10072642
10072650
10072651
10072661
10072698
10072761
10072774
10072809
10072821
10072842
10072843
10072844
10072853
10072878
10072899
10072950
10072972
10073001
10073037
10073056
10073080
10073093
10073095
10073164
10073182
10073200
10073201
10073261
10073289
10073296
10073297
10073305
10073328
10073335
10073342
10073355
10073357
10073364
10073383
10073385
10073394
10073402
10073404
10073417
10073437
10073439
10073443
10073447
10073450
10073457
10073466
10073470
10073487
10073493
10073494
10073496
10073506
10073507
10073515
10073521
10073523
10073527
10073535
10073554
10073562
10073572
10073573
10073577
10073582
10073608
10073612
10073613
10073620
10073626
10073627
10073628
10073638
10073639
10073640
10073647
10073650
10073659
10073662
10073664
10073672
10073673
10073682
10073684
10073688
10073690
10073692
10073700
10073701
10073705
10073706
10073710
10073714
10073721
10073734
10073745
10073756
10073761
10073764
10073765
10073771
10073773
10073777
10073781
10073782
10073783
10073786
10073790
10073792
10073796
10073797
10073801
10073808
10073812
10073813
10073816
10073821
10073825
10073831
10073835
10073846
10073847
10073852
10073853
10073859
10073861
10073864
10073868
10073871
10073876
10073881
10073884
10073887
10073892
10073893
10073896
10073904
10073908
10073918
10073924
10073929
10073930
10073943
10073945
10073950
10073952
10073955
10073960
10073967
10073968
10073972
10073973
10073974
10073978
10073984
10073991
10073996
10074008
10074015
10074018
10074019
10074024
10074041
10074042
10074043
10074045
10074059
10074063
10074065
10074095
10074104
10074108
10074120
10074129
10074136
10074137
10074138
10074150
10074151
10074165
10074167
10074170
10074189
10074197
10074199
10074212
10074217
10074222
10074223
10074248
10074254
10074276
10074280
10074283
10074300
10074320
10074322
10074391
10074396
10074407
10074419
10074435
10074446
10074449
10074476
10074493
10074503
10074513
10074517
10074526
10074657
10074658
10074684
10074712
10074722
10074724
10074767
10074813
10074859
10074866
10074877
10074903
10074928
10074929
10074965
10074977
10074978
10074986
10075031
10075054
10075059
10075091
10075120
10075132
10075135
10075140
10075145
10075147
10075152
10075156
10075172
10075183
10075190
10075203
10075211
10075220
10075238
10075241
10075245
10075260
10075261
10075273
10075278
10075284
10075290
10075291
10075293
10075300
10075312
10075321
10075323
10075333
10075346
10075348
10075353
10075356
10075359
10075371
10075376
10075378
10075381
10075390
10075395
10075407
10075412
10075413
10075415
10075417
10075423
10075424
10075428
10075448
10075452
10075456
10075458
10075460
10075469
10075472
10075478
10075484
10075485
10075487
10075490
10075505
10075510
10075512
10075522
10075525
10075529
10075536
10075538
10075542
10075544
10075547
10075549
10075558
10075565
10075577
10075585
10075586
10075587
10075591
10075601
10075607
10075608
10075609
10075613
10075614
10075619
10075621
10075631
10075633
10075639
10075642
10075644
10075654
10075655
10075657
10075660
10075666
10075674
10075675
10075676
10075677
10075678
10075681
10075683
10075685
10075690
10075702
10075703
10075712
10075731
10075744
10075748
10075759
10075763
10075775
10075776
10075779
10075780
10075786
10075799
10075812
10075815
10075817
10075824
10075832
10075836
10075841
10075843
10075875
10075877
10075888
10075898
10075920
10075934
10075991
10076009
10076016
10076027
10076032
10076039
10076068
10076094
10076110
10076112
10076120
10076141
10076144
10076169
10076177
10076182
10076199
10076203
10076208
10076229
10076240
10076241
10076255
10076266
10076272
10076314
10076322
10076354
10076366
10076377
10076383
10076385
10076387
10076399
10076413
10076414
10076427
10076450
10076502
10076544
10076545
10076556
10076572
10076579
10076586
10076587
10076589
10076602
10076630
10076635
10076648
10076661
10076676
10076695
10076719
10076745
10076765
10076794
10076853
10076858
10076878
10076913
10076919
10076933
10076934
10076948
10076954
10076957
10076961
10076976
10076985
10076988
10077002
10077005
10077008
10077012
10077017
10077029
10077041
10077048
10077050
10077073
10077081
10077085
10077086
10077092
10077093
10077095
10077114
10077116
10077128
10077141
10077145
10077148
10077153
10077156
10077164
10077170
10077186
10077193
10077195
10077197
10077206
10077214
10077215
10077216
10077219
10077226
10077231
10077240
10077241
10077242
10077243
10077251
10077257
10077262
10077266
10077269
10077279
10077280
10077284
10077285
10077286
10077288
10077291
10077298
10077303
10077304
10077307
10077317
10077322
10077333
10077349
10077354
10077359
10077365
10077367
10077371
10077377
10077389
10077395
10077398
10077399
10077404
10077406
10077408
10077409
10077414
10077417
10077422
10077423
10077438
10077444
10077447
10077448
10077452
10077466
10077471
10077474
10077476
10077477
10077478
10077479
10077490
10077498
10077507
10077509
10077511
10077519
10077521
10077526
10077530
10077535
10077539
10077548
10077557
10077558
10077574
10077583
10077584
10077590
10077592
10077594
10077603
10077607
10077612
10077613
10077618
10077620
10077629
10077638
10077642
10077649
10077656
10077661
10077672
10077674
10077675
10077682
10077685
10077694
10077699
10077722
10077726
10077736
10077738
10077775
10077784
10077786
10077788
10077807
10077820
10077825
10077830
10077839
10077845
10077851
10077854
10077855
10077871
10077883
10077893
10077895
10077905
10077915
10077923
10077929
10077930
10077940
10077972
10077974
10077988
10077996
10078017
10078019
10078032
10078039
10078050
10078076
10078103
10078133
10078150
10078186
10078253
10078281
10078295
10078300
10078304
10078332
10078338
10078367
10078375
10078413
10078455
10078457
10078472
10078482
10078550
10078561
10078598
10078604
10078611
10078622
10078633
10078660
10078690
10078708
10078756
10078771
10078793
10078798
10078818
10078826
10078827
10078830
10078841
10078851
10078874
10078876
10078879
10078887
10078904
10078918
10078939
10078944
10078950
10078954
10078961
10078966
10078993
10078999
10079004
10079006
10079021
10079024
10079035
10079036
10079042
10079047
10079048
10079052
10079057
10079063
10079064
10079073
10079076
10079087
10079090
10079093
10079094
10079100
10079115
10079121
10079124
10079127
10079133
10079147
10079149
10079153
10079160
10079179
10079184
10079190
10079193
10079203
10079214
10079215
10079230
10079232
10079234
10079238
10079240
10079244
10079250
10079261
10079263
10079265
10079267
10079269
10079273
10079276
10079277
10079283
10079293
10079297
10079302
10079303
10079307
10079309
10079326
10079327
10079328
10079330
10079336
10079347
10079351
10079361
10079362
10079365
10079371
10079372
10079383
10079387
10079395
10079397
10079411
10079417
10079419
10079421
10079426
10079432
10079442
10079452
10079464
10079469
10079476
10079477
10079482
10079483
10079484
10079490
10079496
10079508
10079510
10079521
10079527
10079529
10079533
10079535
10079537
10079538
10079540
10079546
10079563
10079586
10079608
10079609
10079614
10079623
10079633
10079636
10079637
10079641
10079650
10079661
10079667
10079671
10079673
10079687
10079696
10079701
10079705
10079710
10079738
10079742
10079757
10079763
10079765
10079791
10079792
10079793
10079837
10079848
10079879
10079891
10079935
10079939
10079941
10079957
10079961
10079965
10080002
10080005
10080032
10080033
10080044
10080050
10080053
10080059
10080095
10080115
10080126
10080152
10080178
10080188
10080191
10080199
10080204
10080205
10080206
10080210
10080214
10080227
10080240
10080261
10080262
10080288
10080289
10080302
10080355
10080377
10080451
10080453
10080461
10080485
10080502
10080525
10080527
10080539
10080550
10080574
10080606
10080626
10080676
10080691
10080722
10080732
10080736
10080738
10080743
10080752
10080758
10080781
10080782
10080783
10080799
10080812
10080813
10080814
10080818
10080852
10080862
10080876
10080877
10080880
10080885
10080889
10080893
10080918
10080921
10080927
10080930
10080942
10080950
10080951
10080954
10080962
10080964
10080966
10080969
10080978
10080979
10080981
10080987
10080991
10081005
10081007
10081035
10081037
10081039
10081043
10081049
10081056
10081062
10081068
10081091
10081097
10081099
10081104
10081114
10081122
10081127
10081133
10081138
10081143
10081149
10081155
10081158
10081160
10081175
10081176
10081178
10081183
10081184
10081191
10081212
10081217
10081219
10081224
10081236
10081237
10081249
10081253
10081256
10081257
10081264
10081277
10081281
10081284
10081285
10081287
10081288
10081293
10081297
10081302
10081303
10081306
10081307
10081315
10081320
10081322
10081331
10081340
10081346
10081347
10081366
10081381
10081389
10081406
10081407
10081408
10081415
10081419
10081425
10081426
10081428
10081434
10081444
10081455
10081457
10081464
10081466
10081469
10081484
10081488
10081494
10081505
10081506
10081511
10081525
10081532
10081537
10081539
10081549
10081564
10081579
10081584
10081589
10081599
10081603
10081610
10081618
10081640
10081658
10081676
10081680
10081682
10081685
10081698
10081710
10081712
10081720
10081724
10081727
10081731
10081733
10081751
10081757
10081761
10081763
10081792
10081811
10081858
10081866
10081877
10081893
10081901
10081931
10081935
10081954
10081982
10082004
10082005
10082006
10082059
10082067
10082072
10082079
10082099
10082104
10082142
10082167
10082194
10082195
10082197
10082262
10082274
10082284
10082298
10082313
10082318
10082325
10082328
10082378
10082393
10082404
10082411
10082434
10082448
10082449
10082450
10082453
10082458
10082537
10082606
10082625
10082663
10082679
10082704
10082710
10082727
10082729
10082742
10082745
10082755
10082775
10082780
10082794
10082797
10082813
10082814
10082828
10082835
10082850
10082852
10082856
10082864
10082881
10082886
10082894
10082904
10082905
10082906
10082908
10082924
10082926
10082944
10082947
10082948
10082949
10082953
10082969
10082981
10082992
10082993
10082994
10082995
10083018
10083021
10083027
10083041
10083047
10083048
10083056
10083059
10083077
10083081
10083122
10083164
10083210
10083224
10083226
10083230
10083264
10083265
10083298
10083301
10083311
10083318
10083320
10083328
10083335
10083340
10083349
10083373
10083379
10083390
10083410
10083429
10083439
10083452
10083477
10083483
10083510
10083518
10083521
10083533
10083538
10083565
10083566
10083607
10083625
10083638
10083663
10083665
10083667
10083684
10083698
10083701
10083717
10083730
10083735
10083744
10083752
10083755
10083756
10083759
10083760
10083764
10083768
10083788
10083792
10083801
10083817
10083823
10083835
10083849
10083854
10083858
10083896
10083900
10083902
10083912
10083930
10083944
10083963
10084022
10084044
10084045
10084053
10084058
10084062
10084064
10084080
10084105
10084123
10084136
10084153
10084169
10084172
10084181
10084207
10084251
10084288
10084292
10084296
10084299
10084310
10084353
10084362
10084376
10084377
10084383
10084391
10084398
10084401
10084446
10084447
10084459
10084499
10084520
10084539
10084568
10084599
10084603
10084605
10084623
10084670
10084671
10084703
10084708
10084725
10084741
10084767
10084772
10084793
10084854
10084860
10084866
10084875
10084882
10084990
10085034
10085084
10085101
10085134
10085179
10085219
10085230
10085248
10085251
10085253
10085295
10085304
10085333
10085377
10085387
10085412
10085425
10085462
10085476
10085483
10085516
10085521
10085552
10085555
10085573
10085586
10085608
10085628
10085676
10085728
10085730
10085731
10085743
10085757
10085760
10085773
10085816
10085827
10085834
10085894
10085896
10085911
10085913
10085941
10085953
10085983
10085996
10086012
10086045
10086068
10086074
10086092
10086112
10086144
10086146
10086148
10086155
10086156
10086167
10086180
10086194
10086206
10086219
10086223
10086254
10086269
10086285
10086294
10086295
10086326
10086337
10086351
10086380
10086387
10086408
10086411
10086413
10086433
10086444
10086457
10086483
10086501
10086525
10086534
10086547
10086557
10086575
10086583
10086589
10086592
10086609
10086636
10086646
10086654
10086665
10086670
10086671
10086685
10086687
10086703
10086716
10086734
10086753
10086760
10086765
10086767
10086771
10086779
10086795
10086853
10086860
10086865
10086872
10086875
10086877
10086880
10086888
10086894
10086895
10086898
10086902
10086907
10086914
10086915
10086923
10086940
10086944
10086945
10086950
10086951
10086968
10086970
10086976
10086981
10087001
10087017
10087021
10087034
10087037
10087038
10087048
10087060
10087082
10087088
10087109
10087126
10087127
10087130
10087159
10087163
10087167
10087178
10087184
10087197
10087199
10087204
10087215
10087217
10087218
10087226
10087243
10087246
10087247
10087262
10087284
10087303
10087330
10087334
10087340
10087347
10087348
10087349
10087358
10087367
10087375
10087384
10087389
10087412
10087413
10087414
10087485
10087486
10087502
10087536
10087564
10087572
10087576
10087582
10087598
10087611
10087614
10087628
10087647
10087659
10087707
10087850
10087861
10087891
10087893
10087900
10087904
10087928
10087954
10087956
10087959
10087980
10087993
10088001
10088012
10088020
10088027
10088041
10088076
10088079
10088089
10088135
10088144
10088188
10088209
10088245
10088281
10088319
10088320
10088331
10088339
10088429
10088461
10088513
10088515
10088518
10088523
10088566
10088591
10088596
10088598
10088602
10088651
10088664
10088668
10088692
10088720
10088723
10088771
10088772
10088784
10088785
10088807
10088870
10088872
10088878
10088883
10088904
10088922
10088934
10088935
10088956
10088993
10088994
10089084
10089090
10089116
10089117
10089173
10089189
10089211
10089219
10089226
10089227
10089235
10089241
10089251
10089264
10089268
10089270
10089272
10089282
10089289
10089291
10089295
10089306
10089311
10089347
10089357
10089364
10089366
10089396
10089397
10089401
10089404
10089412
10089441
10089457
10089466
10089487
10089488
10089490
10089534
10089553
10089570
10089575
10089576
10089580
10089590
10089613
10089619
10089634
10089663
10089665
10089676
10089682
10089685
10089686
10089691
10089694
10089700
10089711
10089724
10089731
10089738
10089739
10089756
10089760
10089762
10089783
10089785
10089791
10089814
10089841
10089844
10089851
10089858
10089860
10089862
10089864
10089871
10089876
10089880
10089899
10089902
10089903
10089918
10089942
10089948
10089956
10089958
10089964
10089990
10089997
10090009
10090033
10090040
10090046
10090057
10090058
10090062
10090063
10090081
10090083
10090085
10090098
10090105
10090111
10090123
10090129
10090138
10090143
10090162
10090172
10090187
10090199
10090205
10090221
10090224
10090240
10090249
10090264
10090266
10090272
10090303
10090329
10090330
10090346
10090349
10090374
10090376
10090378
10090398
10090413
10090443
10090467
10090520
10090521
10090527
10090556
10090557
10090581
10090584
10090592
10090624
10090633
10090636
10090641
10090684
10090722
10090724
10090726
10090732
10090739
10090760
10090765
10090767
10090831
10090845
10090900
10090920
10090925
10090948
10090949
10090959
10091057
10091171
10091174
10091177
10091185
10091194
10091225
10091238
10091287
10091294
10091331
10091402
10091418
10091419
10091426
10091441
10091455
10091464
10091469
10091473
10091478
10091498
10091509
10091528
10091534
10091569
10091605
10091612
10091617
10091618
10091655
10091666
10091676
10091687
10091688
10091692
10091698
10091706
10091735
10091763
10091781
10091784
10091788
10091803
10091832
10091870
10091871
10091872
10091883
10091914
10091920
10091932
10091946
10091947
10091958
10091970
10091997
10092006
10092011
10092033
10092055
10092065
10092072
10092076
10092081
10092082
10092086
10092096
10092102
10092106
10092107
10092127
10092129
10092131
10092139
10092147
10092156
10092162
10092166
10092170
10092179
10092180
10092196
10092202
10092215
10092228
10092238
10092284
10092297
10092330
10092341
10092345
10092350
10092356
10092366
10092369
10092384
10092389
10092394
10092397
10092400
10092405
10092409
10092412
10092413
10092433
10092436
10092439
10092441
10092446
10092450
10092477
10092482
10092487
10092492
10092510
10092511
10092525
10092531
10092536
10092541
10092542
10092551
10092557
10092559
10092572
10092575
10092586
10092595
10092598
10092602
10092613
10092630
10092635
10092639
10092642
10092647
10092665
10092672
10092681
10092682
10092697
10092705
10092710
10092737
10092742
10092753
10092755
10092756
10092758
10092759
10092760
10092766
10092784
10092794
10092802
10092826
10092829
10092844
10092851
10092854
10092863
10092866
10092869
10092888
10092912
10092913
10092914
10092916
10092933
10092963
10092964
10092977
10092978
10093001
10093017
10093021
10093026
10093030
10093049
10093056
10093077
10093088
10093104
10093105
10093118
10093124
10093137
10093139
10093147
10093164
10093169
10093176
10093246
10093348
10093350
10093367
10093385
10093412
10093438
10093473
10093475
10093476
10093478
10093487
10093537
10093541
10093561
10093611
10093621
10093637
10093642
10093719
10093721
10093724
10093752
10093776
10093796
10093845
10093850
10093860
10093884
10093901
10093902
10093903
10093924
10093957
10094001
10094020
10094024
10094047
10094061
10094087
10094128
10094145
10094155
10094181
10094186
10094198
10094220
10094234
10094237
10094241
10094243
10094244
10094255
10094265
10094271
10094272
10094279
10094296
10094313
10094326
10094327
10094330
10094340
10094353
10094387
10094388
10094437
10094438
10094442
10094445
10094451
10094467
10094491
10094493
10094533
10094536
10094548
10094558
10094564
10094579
10094584
10094591
10094595
10094619
10094622
10094643
10094645
10094654
10094658
10094666
10094667
10094668
10094677
10094681
10094682
10094726
10094727
10094746
10094762
10094764
10094765
10094776
10094788
10094795
10094802
10094823
10094827
10094833
10094834
10094838
10094857
10094863
10094885
10094900
10094925
10094929
10094931
10094934
10094939
10094977
10095016
10095023
10095029
10095039
10095047
10095090
10095106
10095134
10095137
10095164
10095181
10095189
10095195
10095198
10095214
10095215
10095224
10095226
10095232
10095250
10095267
10095270
10095284
10095293
10095320
10095327
10095338
10095346
10095384
10095387
10095395
10095435
10095450
10095461
10095479
10095491
10095517
10095520
10095528
10095538
10095557
10095585
10095601
10095617
10095627
10095656
10095676
10095696
10095769
10095771
10095783
10095805
10095841
10095854
10095866
10095873
10095905
10095936
10095963
10095969
10095999
10096011
10096034
10096037
10096051
10096054
10096056
10096059
10096080
10096086
10096089
10096138
10096161
10096190
10096216
10096243
10096257
10096259
10096269
10096280
10096283
10096300
10096304
10096339
10096350
10096392
10096410
10096421
10096454
10096458
10096480
10096487
10096503
10096526
10096527
10096555
10096583
10096588
10096595
10096597
10096598
10096604
10096609
10096612
10096616
10096642
10096665
10096666
10096667
10096669
10096676
10096683
10096689
10096700
10096718
10096729
10096735
10096739
10096740
10096744
10096763
10096772
10096774
10096777
10096792
10096794
10096812
10096822
10096843
10096869
10096878
10096882
10096883
10096931
10096933
10096941
10096949
10096951
10096954
10096965
10096978
10096990
10097004
10097012
10097022
10097024
10097028
10097065
10097077
10097092
10097097
10097115
10097144
10097152
10097165
10097184
10097192
10097193
10097222
10097300
10097329
10097332
10097333
10097350
10097367
10097368
10097389
10097396
10097417
10097427
10097435
10097445
10097467
10097470
10097474
10097487
10097537
10097556
10097616
10097619
10097626
10097679
10097692
10097704
10097712
10097716
10097728
10097740
10097820
10097822
10097876
10097885
10097914
10097925
10097926
10097940
10097943
10097975
10098002
10098023
10098053
10098063
10098146
10098158
10098179
10098199
10098229
10098241
10098266
10098277
10098284
10098293
10098299
10098303
10098306
10098368
10098394
10098401
10098425
10098447
10098449
10098451
10098475
10098484
10098492
10098511
10098514
10098520
10098523
10098542
10098548
10098553
10098559
10098565
10098573
10098590
10098591
10098600
10098642
10098648
10098682
10098697
10098701
10098725
10098736
10098768
10098773
10098776
10098777
10098784
10098806
10098819
10098828
10098848
10098872
10098884
10098895
10098907
10098910
10098918
10098919
10098923
10098934
10098936
10098947
10098949
10098950
10098955
10098962
10098963
10098969
10098971
10098979
10099006
10099032
10099060
10099064
10099121
10099128
10099137
10099144
10099177
10099179
10099191
10099202
10099206
10099207
10099208
10099211
10099214
10099241
10099245
10099260
10099285
10099289
10099295
10099313
10099335
10099337
10099357
10099383
10099392
10099481
10099490
10099517
10099523
10099534
10099544
10099555
10099557
10099570
10099581
10099595
10099600
10099642
10099659
10099731
10099739
10099745
10099751
10099775
10099776
10099791
10099842
10099857
10099909
10099914
10099936
10099961
10099995
10100008
10100012
10100054
10100067
10100069
10100094
10100103
10100112
10100131
10100134
10100168
10100199
10100227
10100237
10100238
10100241
10100255
10100260
10100269
10100275
10100276
10100285
10100304
10100315
10100332
10100336
10100349
10100368
10100377
10100394
10100452
10100454
10100457
10100460
10100518
10100536
10100549
10100555
10100567
10100572
10100582
10100587
10100590
10100601
10100605
10100611
10100614
10100627
10100632
10100635
10100650
10100655
10100684
10100708
10100717
10100720
10100721
10100728
10100737
10100742
10100746
10100748
10100764
10100773
10100777
10100816
10100820
10100827
10100837
10100841
10100848
10100867
10100870
10100876
10100878
10100888
10100895
10100898
10100915
10100920
10100943
10100946
10100948
10100954
10100966
10100985
10100989
10100994
10100999
10101003
10101004
10101006
10101010
10101014
10101016
10101026
10101052
10101071
10101078
10101085
10101093
10101106
10101110
10101146
10101158
10101159
10101165
10101171
10101255
10101258
10101262
10101301
10101318
10101326
10101332
10101345
10101370
10101386
10101446
10101447
10101461
10101467
10101479
10101495
10101499
10101524
10101530
10101538
10101557
10101559
10101570
10101583
10101615
10101634
10101637
10101647
10101656
10101685
10101687
10101716
10101721
10101723
10101733
10101741
10101828
10101845
10101864
10101922
10101940
10101974
10101989
10102007
10102008
10102020
10102080
10102083
10102087
10102119
10102124
10102134
10102166
10102205
10102207
10102210
10102213
10102232
10102288
10102293
10102299
10102349
10102352
10102382
10102396
10102418
10102452
10102460
10102494
10102502
10102529
10102541
10102547
10102551
10102580
10102619
10102623
10102666
10102711
10102725
10102773
10102782
10102792
10102833
10102842
10102847